119,1,1253.5494,451.9548,26.4506,82.4272,1,2,1
120,1,1250.9639,450.6563,29.0360,84.2590,1,2,1
121,1,1247.3970,447.6830,32.6030,86.3797,1,2,1
122,1,1243.1094,445.1273,36.8906,88.6550,1,2,1
123,1,1239.1602,444.3095,40.8397,89.6910,1,2,1
124,1,1235.4353,443.1405,44.5647,90.4480,1,2,1
125,1,1232.2219,442.6375,47.7781,90.3754,1,2,1
126,1,1228.9000,441.0729,51.1000,90.3062,1,2,1
127,1,1225.0464,440.1678,54.9536,90.1473,1,2,1
128,1,1220.9512,434.9850,59.0488,94.3791,1,2,1
129,1,1217.1813,433.1149,62.3235,96.4695,1,2,1
130,1,1214.6359,432.3414,64.8738,96.8237,1,2,1
131,1,1211.9930,433.8913,67.4321,95.4800,1,2,1
132,1,1208.4377,432.0047,70.8005,97.2079,1,2,1
133,1,1205.6035,427.7835,73.7281,100.1281,1,2,1
134,1,1203.3540,425.9277,76.0479,101.6146,1,2,1
135,1,1200.2236,433.8064,79.1335,92.5855,1,2,1
136,1,1197.4871,436.4662,81.8114,88.5543,1,2,1
137,1,1195.3798,420.7635,83.9299,103.1894,1,2,1
138,1,1192.5326,413.3211,86.5891,109.4469,1,2,1
139,1,1189.5015,409.7321,89.4387,112.8865,1,2,1
140,1,1186.9338,407.3487,91.7896,114.2688,1,2,1
141,1,1184.7975,405.5948,94.2344,115.8715,1,2,1
142,1,1182.4019,403.7372,96.8291,117.9270,1,2,1
143,1,1180.1467,403.5662,99.1873,118.5598,1,2,1
144,1,1177.4807,403.5188,101.6426,118.3756,1,2,1
145,1,1174.0373,403.0029,104.1696,118.3087,1,2,1
146,1,1172.5543,402.8051,106.4940,118.8149,1,2,1
147,1,1170.3487,401.8054,109.1302,118.9048,1,2,1
148,1,1168.0519,402.0243,111.7477,119.4955,1,2,1
149,1,1165.3777,401.9935,114.5154,118.8014,1,2,1
150,1,1162.9702,401.1807,116.9329,118.6964,1,2,1
151,1,1161.1641,401.2012,118.8359,118.2429,1,2,1
152,1,1159.1248,400.9516,120.6270,118.2730,1,2,1
153,1,1156.5746,401.2486,122.9996,118.7310,1,2,1
154,1,1152.8695,399.9620,126.0627,118.9300,1,2,1
155,1,1150.5392,399.1780,128.5994,119.5187,1,2,1
156,1,1148.4871,399.1019,130.7141,122.6521,1,2,1
157,1,1145.5143,398.9503,133.9044,126.8319,1,2,1
158,1,1143.4438,400.6308,136.0640,130.8667,1,2,1
159,1,1140.8455,400.6029,138.6146,132.9901,1,2,1
160,1,1136.8873,401.9100,141.3167,133.2875,1,2,1
161,1,1134.3788,401.0917,143.8376,133.8199,1,2,1
162,1,1132.6107,400.2867,146.4901,134.6769,1,2,1
163,1,1130.4547,399.2670,149.0018,134.6715,1,2,1
164,1,1128.2896,399.3758,151.3617,134.7724,1,2,1
165,1,1125.9816,399.8200,153.8580,134.9668,1,2,1
166,1,1123.2642,399.3376,156.5170,134.7672,1,2,1
167,1,1121.1610,399.8758,158.6602,134.0499,1,2,1
168,1,1118.6537,398.5978,160.7661,133.2554,1,2,1
169,1,1116.6386,397.3555,162.6149,133.1603,1,2,1
170,1,1113.7028,396.5392,164.6041,132.4075,1,2,1
171,1,1111.8619,396.1139,167.3744,131.7401,1,2,1
172,1,1109.5270,396.7540,169.5950,131.6330,1,2,1
173,1,1107.8683,397.9808,171.5616,131.0651,1,2,1
174,1,1105.8856,399.2542,173.9442,130.2003,1,2,1
175,1,1104.0863,399.5511,175.8911,129.8096,1,2,1
176,1,1101.3148,400.5749,178.2274,128.5182,1,2,1
177,1,1100.1381,399.6134,179.8619,128.0608,1,2,1
178,1,1098.4897,398.7232,181.5103,127.4049,1,2,1
179,1,1096.7429,398.0055,183.2571,127.1469,1,2,1
180,1,1095.7078,396.6562,184.2922,127.2654,1,2,1
181,1,1093.6861,396.8171,186.3134,126.7993,1,2,1
182,1,1091.2445,396.2263,187.3135,126.8272,1,2,1
183,1,1090.6704,397.6553,188.4507,125.9081,1,2,1
184,1,1089.2310,398.5357,189.6777,125.7332,1,2,1
185,1,1088.2186,399.8438,190.5927,124.6615,1,2,1
186,1,1088.0460,401.5939,191.9540,123.9972,1,2,1
187,1,1086.7212,401.4854,193.0977,124.0840,1,2,1
188,1,1085.7305,402.4777,194.2694,123.1917,1,2,1
189,1,1084.3704,401.9919,195.4099,123.1786,1,2,1
190,1,1083.7328,401.4751,196.2672,123.2079,1,2,1
191,1,1082.7808,401.8682,197.2192,123.1266,1,2,1
192,1,1081.3325,401.2124,198.6676,123.0224,1,2,1
193,1,1079.4603,400.8469,199.6005,122.7630,1,2,1
194,1,1078.2363,399.8805,200.2610,122.8551,1,2,1
195,1,1077.2674,399.6973,201.6469,122.7344,1,2,1
196,1,1077.2905,397.8521,202.6324,123.2734,1,2,1
197,1,1076.8223,396.7652,203.1777,122.7185,1,2,1
198,1,1075.7431,395.2488,204.2570,122.7943,1,2,1
199,1,1073.7024,394.2536,205.6172,121.5589,1,2,1
200,1,1072.2148,394.5847,207.0323,122.1222,1,2,1
201,1,1071.6391,394.7571,208.3087,121.9713,1,2,1
202,1,1070.7803,396.4938,209.1628,121.3854,1,2,1
203,1,1069.3420,397.9022,209.8154,120.6671,1,2,1
204,1,1068.3698,398.6311,210.4196,119.8904,1,2,1
205,1,1068.3470,399.7829,211.3168,120.0077,1,2,1
206,1,1066.9243,399.9893,212.1193,119.5129,1,2,1
207,1,1065.9250,401.3585,212.8956,118.4480,1,2,1
208,1,1065.7838,401.7729,213.7659,118.0161,1,2,1
209,1,1065.4221,399.7253,214.5779,118.3742,1,2,1
210,1,1064.2841,398.4057,215.3038,118.6945,1,2,1
211,1,1064.1407,396.3960,215.8593,119.6242,1,2,1
212,1,1063.3777,396.2181,216.6223,119.2441,1,2,1
213,1,1061.9485,395.7156,218.0515,119.2800,1,2,1
214,1,1060.7869,396.2451,219.2131,118.7866,1,2,1
215,1,1059.4957,397.6680,220.2186,118.1059,1,2,1
216,1,1059.2812,397.7152,220.7189,118.4434,1,2,1
217,1,1058.4195,398.3026,221.5804,117.9764,1,2,1
218,1,1057.7222,397.8712,222.2777,117.8000,1,2,1
219,1,1055.8956,399.4713,224.1044,116.4814,1,2,1
220,1,1055.3884,399.3327,224.5343,116.0140,1,2,1
221,1,1054.2967,399.2697,225.2968,115.0828,1,2,1
222,1,1053.7361,398.7708,226.2151,115.2479,1,2,1
223,1,1052.8206,398.3000,226.8802,115.1450,1,2,1
224,1,1052.3069,398.9752,227.2137,114.5096,1,2,1
225,1,1051.8775,398.6519,227.8173,114.4396,1,2,1
226,1,1051.6480,399.9748,228.3519,113.8753,1,2,1
227,1,1051.1350,399.8132,228.8650,114.4109,1,2,1
228,1,1050.3311,400.0245,229.6689,113.9365,1,2,1
229,1,1049.4698,400.3432,230.5302,113.8896,1,2,1
230,1,1048.4581,399.6019,231.5419,114.3972,1,2,1
231,1,1047.5203,399.7778,232.4797,114.5056,1,2,1
232,1,1046.5494,399.2875,233.3604,114.4598,1,2,1
233,1,1045.6593,399.4191,234.2024,114.4922,1,2,1
234,1,1045.0637,399.9968,234.8574,113.5973,1,2,1
235,1,1043.5005,400.0176,236.4995,113.4026,1,2,1
236,1,1042.3624,400.9970,237.6376,113.1193,1,2,1
237,1,1040.8016,400.4382,238.8373,112.7932,1,2,1
238,1,1039.4487,400.2488,240.5514,113.0558,1,2,1
239,1,1038.6581,400.5369,241.3419,113.3306,1,2,1
240,1,1037.8265,399.0210,242.0273,113.8383,1,2,1
241,1,1037.3677,398.7545,242.6322,113.7990,1,2,1
242,1,1036.3960,397.1996,243.3298,114.2458,1,2,1
243,1,1035.9648,396.7384,244.0353,115.0040,1,2,1
244,1,1035.4863,396.5445,244.5137,115.0311,1,2,1
245,1,1034.3145,398.1838,245.6854,114.3839,1,2,1
246,1,1033.5038,399.1564,246.4962,114.2710,1,2,1
247,1,1032.0003,399.3127,247.6449,113.9772,1,2,1
248,1,1031.1397,400.2629,247.2748,113.4112,1,2,1
249,1,1030.6251,399.0395,246.2278,113.4141,1,2,1
250,1,1029.6360,398.9817,245.9944,113.0680,1,2,1
251,1,1029.2520,398.6912,244.9541,113.3087,1,2,1
252,1,1028.9434,398.3456,244.1322,113.5072,1,2,1
253,1,1027.9185,399.0998,243.5619,112.8810,1,2,1
254,1,1027.4594,397.7688,243.5354,113.5558,1,2,1
255,1,1026.4490,398.2769,242.6107,113.3146,1,2,1
256,1,1026.2517,398.9439,241.6914,112.9989,1,2,1
257,1,1026.4106,399.6067,241.6554,112.5438,1,2,1
258,1,1026.5792,400.6814,241.1995,112.2118,1,2,1
259,1,1025.9575,400.3613,240.4614,111.7431,1,2,1
260,1,1025.7745,400.7620,239.6034,111.2783,1,2,1
261,1,1025.0497,399.4692,239.4274,111.1992,1,2,1
262,1,1023.9375,399.2000,239.1265,110.3550,1,2,1
263,1,1024.0591,398.8050,239.0930,110.7642,1,2,1
264,1,1023.8784,398.6025,238.6204,111.2548,1,2,1
265,1,1023.3725,398.5710,238.1002,110.7614,1,2,1
266,1,1022.8128,397.7418,237.2855,110.0911,1,2,1
267,1,1021.9854,398.2068,236.0815,109.0958,1,2,1
268,1,1021.9650,397.8460,235.8107,109.1841,1,2,1
269,1,1021.5127,397.9765,235.2712,108.5210,1,2,1
270,1,1020.6104,398.8843,234.8416,108.7236,1,2,1
271,1,1020.2715,400.1833,234.7150,108.9156,1,2,1
272,1,1019.4357,401.6573,234.1523,108.4869,1,2,1
273,1,1019.2860,402.2993,233.3911,107.9859,1,2,1
274,1,1018.6045,403.1907,233.0759,108.2946,1,2,1
275,1,1017.6614,402.8444,232.8934,108.6773,1,2,1
276,1,1016.1145,401.7863,232.3757,108.1888,1,2,1
277,1,1015.6852,402.1742,231.4891,107.9790,1,2,1
278,1,1015.1062,401.7432,231.0396,107.7871,1,2,1
279,1,1015.0218,402.9538,230.2048,107.5984,1,2,1
280,1,1014.1601,403.9865,228.5793,106.9813,1,2,1
281,1,1013.6669,404.2508,228.5216,106.6170,1,2,1
282,1,1013.6555,405.2773,227.3081,106.5222,1,2,1
283,1,1013.0454,404.5228,226.5817,106.2424,1,2,1
284,1,1012.1553,404.6574,226.3041,105.6571,1,2,1
285,1,1011.8553,403.6686,226.0692,105.4200,1,2,1
286,1,1011.4186,403.1869,224.4287,104.9014,1,2,1
287,1,1011.2952,403.6382,223.2643,104.6293,1,2,1
288,1,1011.4520,403.1832,222.4402,104.4167,1,2,1
289,1,1010.8947,404.4269,220.8084,104.1448,1,2,1
290,1,1010.6243,404.3839,219.8095,104.4114,1,2,1
291,1,1010.5665,405.2162,219.6273,104.5255,1,2,1
292,1,1010.1433,405.6800,219.4503,104.4773,1,2,1
293,1,1009.1953,405.5115,218.7918,104.3638,1,2,1
294,1,1008.1788,406.0172,218.5875,104.2805,1,2,1
295,1,1007.7926,405.6445,217.3616,104.0464,1,2,1
296,1,1006.8858,406.1339,216.3905,103.5266,1,2,1
297,1,1006.2748,406.0974,215.8274,103.0309,1,2,1
298,1,1005.9309,406.1100,218.0488,103.2004,1,2,1
299,1,1005.5072,406.1010,215.9157,102.4642,1,2,1
300,1,1004.6815,405.8294,214.3982,102.1195,1,2,1
301,1,1003.8279,406.2984,214.1098,102.3872,1,2,1
302,1,1003.2200,405.7507,212.7084,101.6797,1,2,1
303,1,1002.7661,406.1990,212.0142,100.4402,1,2,1
304,1,1001.6365,406.6069,211.9370,100.4706,1,2,1
305,1,1001.5583,406.0224,211.7433,100.3769,1,2,1
306,1,1000.8345,407.0842,210.7883,100.2130,1,2,1
307,1,1000.2697,406.2581,210.3040,99.6927,1,2,1
308,1,1000.2050,407.2179,210.2516,99.6829,1,2,1
309,1,1000.3308,406.7422,209.5682,100.1481,1,2,1
310,1,1000.4641,407.0693,207.9435,99.6173,1,2,1
311,1,1000.7931,407.9390,207.1101,99.4833,1,2,1
312,1,1000.8034,408.1676,206.6064,99.0059,1,2,1
313,1,1000.4722,409.2145,207.0009,99.0269,1,2,1
314,1,1000.6867,408.8236,206.0435,98.7188,1,2,1
315,1,1000.1734,408.6737,205.3829,98.6714,1,2,1
316,1,1000.0096,408.2343,204.9946,98.0362,1,2,1
317,1,999.6159,407.3775,204.1578,97.9746,1,2,1
318,1,999.6812,408.6139,202.8979,97.8433,1,2,1
319,1,999.6265,408.1066,201.5756,97.4373,1,2,1
320,1,999.2464,408.7679,200.5897,96.8301,1,2,1
321,1,999.0189,408.0653,200.1171,96.6793,1,2,1
322,1,998.4604,407.9138,199.3160,96.4962,1,2,1
323,1,997.5748,407.7943,198.7268,96.5059,1,2,1
324,1,997.6015,406.8236,198.6633,96.5624,1,2,1
325,1,997.0373,407.3402,198.5856,96.0277,1,2,1
326,1,996.8950,407.6311,197.4991,95.5246,1,2,1
327,1,996.3160,407.4334,197.0222,95.5676,1,2,1
328,1,995.9838,407.4702,196.1100,95.7111,1,2,1
329,1,995.0026,406.4205,195.6431,95.6702,1,2,1
330,1,994.0148,407.0388,195.3798,95.4792,1,2,1
331,1,992.6972,407.9280,195.5607,95.2330,1,2,1
332,1,992.1017,409.9100,194.9263,94.2884,1,2,1
333,1,992.0544,411.2093,193.7322,93.4808,1,2,1
334,1,991.1237,411.1991,193.7077,93.1497,1,2,1
335,1,991.0939,411.2925,191.9988,92.7645,1,2,1
336,1,990.4163,409.1590,191.2378,93.2854,1,2,1
337,1,989.9015,409.0561,190.5533,93.3588,1,2,1
338,1,989.0146,409.0426,190.2071,92.9799,1,2,1
339,1,989.2434,409.1338,187.4836,92.6576,1,2,1
340,1,988.9289,410.1049,186.6376,92.2175,1,2,1
341,1,988.1957,409.7380,186.4142,92.0324,1,2,1
342,1,987.1338,410.6250,186.0739,91.8167,1,2,1
343,1,986.3221,410.0791,185.5113,91.6827,1,2,1
344,1,985.4692,409.4986,184.5303,91.3145,1,2,1
345,1,984.0885,409.3853,184.0157,91.2714,1,2,1
346,1,984.0016,408.6815,182.3390,90.7832,1,2,1
347,1,983.5893,408.6792,181.3857,90.5218,1,2,1
348,1,982.5482,407.5314,180.7256,90.2616,1,2,1
349,1,981.5908,408.0071,180.4718,90.0228,1,2,1
350,1,980.6278,407.3341,180.1025,90.2774,1,2,1
351,1,980.1955,407.6870,179.3005,89.5694,1,2,1
352,1,979.3578,407.8206,178.8429,89.0159,1,2,1
353,1,978.0670,407.2130,178.4313,89.4210,1,2,1
354,1,975.9322,407.7842,179.2642,88.5052,1,2,1
355,1,974.9391,408.3125,179.1925,88.8353,1,2,1
356,1,974.4060,408.5191,178.1794,88.0465,1,2,1
357,1,974.2774,409.0471,177.1705,87.9054,1,2,1
358,1,974.1958,408.6486,176.3030,87.8062,1,2,1
359,1,973.3723,409.0894,175.9775,87.9182,1,2,1
360,1,972.6248,409.0319,174.7513,87.7477,1,2,1
361,1,971.5597,408.9929,174.5035,86.8914,1,2,1
362,1,971.3401,409.8988,173.4565,86.8002,1,2,1
363,1,970.4086,409.5534,172.9498,86.6305,1,2,1
364,1,968.7958,410.9970,172.7921,85.8751,1,2,1
365,1,968.1056,410.3572,172.8442,85.8230,1,2,1
366,1,967.2498,410.2244,172.0651,85.6411,1,2,1
367,1,966.5086,410.3195,170.7286,85.6470,1,2,1
368,1,965.6934,410.3946,169.5703,85.5231,1,2,1
369,1,964.6591,411.6813,169.5359,85.1950,1,2,1
370,1,963.6657,410.9883,168.9224,85.2702,1,2,1
371,1,962.3091,411.3911,168.2422,85.1808,1,2,1
372,1,960.4148,411.2567,168.1667,85.0662,1,2,1
373,1,959.0583,411.2209,167.6033,84.6423,1,2,1
374,1,957.4935,412.0381,166.6479,84.7129,1,2,1
375,1,956.7322,412.4508,165.3953,84.1176,1,2,1
376,1,956.3764,413.7370,164.7202,83.4027,1,2,1
377,1,955.1688,413.6181,164.2235,83.1822,1,2,1
378,1,953.0546,413.3313,163.1417,82.6220,1,2,1
379,1,951.6069,412.3529,162.4485,82.3901,1,2,1
380,1,950.6590,411.2560,161.6522,82.4206,1,2,1
381,1,950.0328,410.2980,160.5477,82.4329,1,2,1
382,1,949.4327,409.9975,160.3011,82.6237,1,2,1
383,1,947.8222,410.2144,160.1404,82.5229,1,2,1
384,1,947.2333,410.3083,159.0543,82.6414,1,2,1
385,1,946.1371,409.8659,158.9856,82.3315,1,2,1
386,1,944.5281,409.4776,158.6692,81.5721,1,2,1
387,1,942.5466,408.4929,159.4467,81.1915,1,2,1
388,1,941.5741,408.8508,158.5558,80.7194,1,2,1
389,1,940.7284,408.2149,157.7828,80.6300,1,2,1
390,1,939.8762,407.8195,156.2029,80.5656,1,2,1
391,1,939.0993,408.3322,155.6215,80.5377,1,2,1
392,1,938.1451,407.9975,155.3920,80.5222,1,2,1
393,1,936.5728,408.8861,155.3836,79.6951,1,2,1
394,1,935.1433,408.1903,154.5538,79.8127,1,2,1
395,1,934.6642,408.5145,153.6044,79.6526,1,2,1
396,1,933.8358,408.5132,152.7582,79.3686,1,2,1
397,1,932.8761,407.9170,152.6785,79.0350,1,2,1
398,1,931.2633,408.0104,152.4720,78.9727,1,2,1
399,1,930.6362,407.5548,151.6737,78.8621,1,2,1
400,1,929.3318,407.5851,151.2548,78.6366,1,2,1
401,1,927.9564,407.1405,151.5032,78.2889,1,2,1
402,1,927.1270,406.9846,150.8828,78.2468,1,2,1
403,1,927.1466,407.3670,150.5754,77.9655,1,2,1
404,1,927.0321,406.8913,149.7180,77.5934,1,2,1
405,1,924.6687,407.6503,150.4077,77.3715,1,2,1
406,1,924.7861,407.2240,148.1626,77.2168,1,2,1
407,1,924.5211,407.0755,147.0556,76.8435,1,2,1
408,1,923.6957,406.8979,146.3689,76.2421,1,2,1
409,1,922.2592,406.6613,146.4708,76.1777,1,2,1
410,1,921.4058,407.1558,145.7791,76.2833,1,2,1
411,1,920.5559,407.2008,145.4677,75.8701,1,2,1
412,1,919.3601,406.8849,145.3018,75.8306,1,2,1
413,1,919.4678,406.9827,144.0422,75.3086,1,2,1
414,1,919.0316,406.8751,143.3516,75.1348,1,2,1
415,1,918.3534,407.7787,143.3362,75.2307,1,2,1
416,1,917.4268,406.7332,143.6041,75.2400,1,2,1
417,1,916.8480,407.4127,143.3600,74.8027,1,2,1
418,1,916.1220,406.7527,143.1491,74.6677,1,2,1
419,1,915.4116,406.6189,142.5431,73.7087,1,2,1
420,1,913.7289,406.8923,143.1472,73.4666,1,2,1
421,1,913.0901,406.8001,142.7874,73.6888,1,2,1
422,1,912.1610,407.7377,142.5217,73.6117,1,2,1
423,1,910.1096,407.4658,143.2579,73.5006,1,2,1
424,1,909.6105,407.7278,142.8549,73.6599,1,2,1
425,1,909.6822,407.8365,141.1224,73.2513,1,2,1
426,1,910.1030,406.5246,140.4335,73.6327,1,2,1
427,1,909.1245,406.8303,139.9421,73.7682,1,2,1
428,1,908.8911,407.1572,139.1414,73.8407,1,2,1
429,1,908.6987,408.3029,138.8096,73.9518,1,2,1
430,1,908.9116,408.5285,137.9759,73.7909,1,2,1
431,1,908.7219,407.7574,137.2217,73.2338,1,2,1
432,1,908.6636,407.9966,136.8673,72.9816,1,2,1
433,1,907.8855,406.8860,136.4166,73.7683,1,2,1
434,1,907.8079,407.4156,136.6938,73.2541,1,2,1
435,1,906.9167,407.3911,137.1235,72.8818,1,2,1
436,1,905.8134,408.0702,136.3691,73.2695,1,2,1
437,1,907.1713,409.0704,135.7712,72.5132,1,2,1
438,1,907.0144,408.6053,135.3775,72.1351,1,2,1
439,1,905.8551,409.4233,135.7114,72.0901,1,2,1
440,1,905.2565,410.2768,134.9716,72.0186,1,2,1
441,1,903.6921,409.6301,134.5768,71.8836,1,2,1
442,1,903.1856,409.3839,134.3641,71.7607,1,2,1
443,1,902.8089,407.9773,134.6335,71.5150,1,2,1
444,1,902.4333,408.2894,134.5770,71.4071,1,2,1
445,1,902.6969,408.2036,134.1227,71.3607,1,2,1
446,1,901.9047,408.4164,134.3551,71.2601,1,2,1
447,1,902.4661,409.3935,133.4934,70.9226,1,2,1
448,1,902.5641,408.9559,133.0303,71.0349,1,2,1
449,1,902.6722,409.4369,132.9448,71.0146,1,2,1
450,1,902.4502,409.0539,132.8522,71.3298,1,2,1
451,1,902.4276,409.4183,132.8264,71.1006,1,2,1
452,1,902.6628,409.1714,132.2732,71.5993,1,2,1
453,1,902.3632,408.6348,132.2303,71.5272,1,2,1
454,1,902.3839,409.3281,132.0403,70.9174,1,2,1
455,1,902.5221,409.2051,131.6870,70.5992,1,2,1
456,1,902.3525,409.1238,131.6505,70.5259,1,2,1
457,1,902.0513,409.0818,132.0947,70.6018,1,2,1
458,1,902.2404,408.5902,131.4822,70.5778,1,2,1
459,1,902.1564,409.4121,130.6464,70.5201,1,2,1
460,1,902.1460,409.1433,129.9437,70.6858,1,2,1
461,1,901.8696,409.1057,129.9839,70.5417,1,2,1
462,1,901.3938,408.6888,130.4171,70.2621,1,2,1
463,1,901.0122,407.7697,130.6990,70.3661,1,2,1
464,1,901.1382,408.7946,130.1808,70.4350,1,2,1
465,1,901.2583,409.0513,129.7217,70.3059,1,2,1
466,1,900.9608,409.9978,129.8297,70.0313,1,2,1
467,1,900.4779,409.9301,130.1703,69.9706,1,2,1
468,1,900.6916,410.0315,129.0203,69.8427,1,2,1
469,1,899.4001,410.0474,130.2670,69.7238,1,2,1
470,1,899.5845,408.5630,129.4536,69.8199,1,2,1
471,1,899.2696,409.4113,129.2592,69.6919,1,2,1
472,1,899.2220,409.2252,127.8163,69.7182,1,2,1
473,1,897.5311,408.9588,129.4147,69.5284,1,2,1
474,1,897.4533,409.2343,127.9125,69.5064,1,2,1
475,1,896.9815,407.7034,128.0287,69.7083,1,2,1
476,1,896.6793,407.6376,127.9788,70.0028,1,2,1
477,1,896.4056,406.7735,128.3242,69.8867,1,2,1
478,1,896.1133,405.9461,127.8870,69.5932,1,2,1
479,1,896.2139,405.8595,127.2028,69.3469,1,2,1
480,1,895.7976,405.2998,127.2756,69.1917,1,2,1
481,1,895.6977,405.9507,128.3217,69.0471,1,2,1
482,1,895.5085,405.2590,127.5525,69.1672,1,2,1
483,1,895.4349,405.1671,126.7838,69.1484,1,2,1
484,1,895.1238,405.8781,126.8467,69.2171,1,2,1
485,1,896.0695,405.8536,126.8571,69.3116,1,2,1
486,1,895.5416,406.9742,126.2825,68.9278,1,2,1
487,1,894.8304,406.9161,126.3991,68.8579,1,2,1
488,1,894.2147,407.7944,126.6829,68.9042,1,2,1
489,1,894.1721,408.5257,127.3673,68.9854,1,2,1
490,1,894.3208,408.7213,126.5451,68.6151,1,2,1
491,1,894.1836,409.0659,125.4822,68.3433,1,2,1
492,1,893.9877,408.2224,124.9246,68.2260,1,2,1
493,1,893.8238,408.5076,124.4110,68.0463,1,2,1
494,1,893.8754,407.7081,124.0627,67.7801,1,2,1
495,1,894.0852,407.3007,123.2195,67.8304,1,2,1
496,1,893.3456,407.8761,123.4130,67.8266,1,2,1
497,1,895.7060,407.9665,123.8422,68.0854,1,2,1
498,1,893.2841,408.7189,122.8036,67.8624,1,2,1
499,1,892.7373,408.2029,121.9473,67.7833,1,2,1
500,1,892.5826,406.8635,121.2858,67.7691,1,2,1
501,1,892.0858,405.8721,120.9598,67.4901,1,2,1
502,1,891.4380,404.6452,121.3469,67.0788,1,2,1
503,1,890.5079,405.3238,122.0077,67.0618,1,2,1
504,1,890.1580,405.2958,121.9675,66.9135,1,2,1
505,1,890.1783,405.0771,121.6282,66.6447,1,2,1
506,1,889.9693,405.3043,120.8775,66.3324,1,2,1
507,1,891.2740,404.7091,120.7928,66.4936,1,2,1
508,1,891.0324,404.9891,121.6981,66.5779,1,2,1
509,1,888.7124,404.7530,121.3676,66.4934,1,2,1
510,1,887.8728,404.9798,120.1646,66.5990,1,2,1
511,1,887.5015,405.3297,119.8981,66.6618,1,2,1
512,1,886.8175,405.5143,119.9374,66.6763,1,2,1
513,1,886.8951,406.2953,120.1558,66.5550,1,2,1
514,1,885.8056,405.8546,120.5283,66.4376,1,2,1
515,1,885.0385,405.8689,120.7734,66.4166,1,2,1
516,1,885.3882,405.5056,119.8949,66.2410,1,2,1
517,1,886.5736,405.4317,119.5524,65.9686,1,2,1
518,1,885.8288,405.4100,119.2181,66.0139,1,2,1
519,1,886.9467,404.8265,119.3719,65.7965,1,2,1
520,1,886.8233,405.5059,118.8370,65.9203,1,2,1
521,1,888.5825,405.6618,119.2688,66.0849,1,2,1
522,1,886.4820,405.5343,118.6338,65.4805,1,2,1
523,1,889.2954,405.9334,118.8873,66.0350,1,2,1
524,1,886.9982,406.3813,117.7692,65.7308,1,2,1
525,1,890.8199,407.0794,118.3795,65.5007,1,2,1
526,1,887.5635,405.9921,117.4392,65.1627,1,2,1
527,1,886.6322,406.1177,116.7678,64.8448,1,2,1
528,1,886.5772,405.1730,116.6096,64.6676,1,2,1
529,1,886.7620,406.2153,116.3027,64.4256,1,2,1
530,1,887.1573,407.8528,115.9056,64.1728,1,2,1
531,1,887.6121,408.9036,115.5671,64.2490,1,2,1
532,1,887.3122,410.8121,115.9803,64.2714,1,2,1
533,1,888.9852,411.2847,116.1727,64.0909,1,2,1
534,1,888.2666,410.7006,115.5768,63.8300,1,2,1
535,1,891.0724,409.1079,115.7049,63.6830,1,2,1
536,1,888.3423,407.4116,115.1821,64.3404,1,2,1
537,1,887.4444,407.0839,114.8860,64.0763,1,2,1
538,1,887.4978,405.9282,114.6562,64.0822,1,2,1
539,1,887.4927,406.5536,114.3063,64.0609,1,2,1
540,1,887.4738,406.6140,114.1335,63.7428,1,2,1
541,1,887.1184,406.8005,114.2545,63.8760,1,2,1
542,1,886.8564,407.0114,114.6898,64.0090,1,2,1
543,1,887.7330,406.7769,113.6970,63.5808,1,2,1
544,1,888.1742,407.6918,113.3959,63.3445,1,2,1
545,1,888.4888,407.4340,113.2977,63.3052,1,2,1
546,1,887.4213,407.9382,113.4937,63.5197,1,2,1
547,1,888.0538,407.8971,113.0765,62.7931,1,2,1
548,1,888.4554,407.7478,112.7058,62.4703,1,2,1
549,1,888.7299,407.1640,112.2966,62.6624,1,2,1
550,1,889.0979,405.3418,111.5465,62.2286,1,2,1
551,1,889.2114,405.3017,111.0945,62.0046,1,2,1
552,1,889.0153,404.9709,111.2642,61.1560,1,2,1
553,1,888.7641,404.8595,111.1591,60.9888,1,2,1
554,1,888.8432,404.9161,110.9949,61.1385,1,2,1
555,1,889.3346,405.1830,110.8176,61.0646,1,2,1
556,1,889.0024,405.8472,111.1236,61.5729,1,2,1
557,1,888.5335,406.3716,111.4184,61.9156,1,2,1
558,1,888.4687,405.8548,111.1987,61.7336,1,2,1
559,1,888.5739,402.5758,110.8434,61.3430,1,2,1
560,1,887.6351,395.9052,110.5475,61.4078,1,2,1
561,1,888.6200,395.7905,110.1276,61.5805,1,2,1
562,1,888.3498,394.0444,110.1592,61.5787,1,2,1
563,1,888.4107,400.2880,110.0295,61.2249,1,2,1
564,1,888.2640,405.0334,109.9900,61.1592,1,2,1
565,1,887.1354,407.7269,110.0021,61.3229,1,2,1
566,1,887.6240,410.7489,109.3928,60.6673,1,2,1
567,1,887.5350,412.3386,108.6698,60.6561,1,2,1
568,1,887.6131,412.0174,108.0432,60.2997,1,2,1
569,1,888.0334,410.4294,107.2061,59.4353,1,2,1
570,1,887.8510,409.4593,106.9955,59.1736,1,2,1
571,1,887.3099,407.3613,107.7654,59.8300,1,2,1
572,1,887.5729,407.4483,107.9056,59.7157,1,2,1
573,1,888.1263,407.0104,107.1296,59.7604,1,2,1
574,1,888.0330,406.9679,106.7845,59.4057,1,2,1
575,1,888.0222,406.9828,106.5539,59.3382,1,2,1
576,1,887.6217,407.3596,106.4014,59.1788,1,2,1
577,1,887.6182,408.4581,105.5942,58.8471,1,2,1
578,1,887.3257,409.5144,105.5687,58.8600,1,2,1
579,1,887.7853,410.4616,104.9534,59.0315,1,2,1
580,1,887.9538,409.9072,104.5219,59.1845,1,2,1
581,1,887.2167,409.2242,104.5204,58.8044,1,2,1
582,1,887.6054,409.0939,104.5565,58.5951,1,2,1
583,1,887.6459,410.4679,104.3805,58.8488,1,2,1
584,1,887.5471,411.7188,104.2513,58.7897,1,2,1
585,1,887.7638,411.1595,103.6093,58.8465,1,2,1
586,1,888.1168,411.6547,102.9547,58.5023,1,2,1
587,1,887.6661,411.6307,102.9125,58.3764,1,2,1
588,1,887.5501,411.6006,102.7504,57.9696,1,2,1
589,1,887.4148,411.0959,103.1177,57.8361,1,2,1
590,1,886.1251,409.0793,102.7208,57.3195,1,2,1
591,1,885.9056,408.7103,102.7484,57.5314,1,2,1
592,1,886.8328,409.1230,102.9489,57.7410,1,2,1
593,1,886.1654,409.0142,102.8937,57.8618,1,2,1
594,1,886.0849,409.0906,102.3104,57.8867,1,2,1
595,1,886.1794,409.6546,101.9150,57.8533,1,2,1
596,1,886.5051,408.7342,102.0746,57.9330,1,2,1
597,1,886.2620,408.2496,102.2371,57.5350,1,2,1
598,1,886.6409,408.5254,102.2731,57.6288,1,2,1
599,1,887.1578,408.6480,102.2377,57.6290,1,2,1
600,1,887.6393,408.5407,101.7654,57.6120,1,2,1
601,1,887.7287,407.7596,101.6780,57.2749,1,2,1
602,1,887.6444,405.9311,101.3799,57.2815,1,2,1
603,1,887.6868,406.1900,101.3917,57.2434,1,2,1
604,1,887.6030,406.6961,101.3910,57.0432,1,2,1
605,1,888.0591,408.8601,101.3060,56.9417,1,2,1
606,1,888.3965,411.6233,100.7905,57.3664,1,2,1
607,1,888.2357,413.1521,99.8383,57.4241,1,2,1
608,1,888.2078,412.5916,99.4318,57.4331,1,2,1
609,1,887.6193,412.4093,99.5706,57.6447,1,2,1
610,1,887.4146,411.8988,98.9482,57.6207,1,2,1
611,1,886.6541,412.2753,98.6766,58.0968,1,2,1
612,1,886.7696,413.3080,98.6980,58.2159,1,2,1
613,1,886.0020,413.7029,98.0901,57.7284,1,2,1
614,1,885.5940,414.9106,97.7090,57.3694,1,2,1
615,1,885.6683,414.9585,97.3863,57.0442,1,2,1
616,1,885.7189,416.2411,97.0474,56.7017,1,2,1
617,1,885.1930,417.2038,97.3049,56.3919,1,2,1
618,1,884.9351,417.0518,97.0414,56.3587,1,2,1
619,1,883.9111,419.0398,97.8059,56.0789,1,2,1
620,1,883.4996,418.1345,98.1655,56.3566,1,2,1
621,1,883.9587,418.5010,97.3038,56.1313,1,2,1
622,1,884.1345,416.9136,96.8052,56.1781,1,2,1
623,1,884.3253,415.8138,96.2546,55.9224,1,2,1
624,1,885.1761,415.9940,95.6118,55.6487,1,2,1
625,1,885.3165,418.3776,95.3892,55.3804,1,2,1
626,1,886.5102,417.9004,95.1806,55.4882,1,2,1
627,1,887.7747,417.3903,95.3693,55.6064,1,2,1
628,1,887.9651,418.1405,95.5945,55.5473,1,2,1
629,1,886.7799,416.9426,94.3051,55.4138,1,2,1
630,1,888.1238,412.3841,94.0121,56.2724,1,2,1
631,1,886.7404,410.5184,93.6714,55.9073,1,2,1
632,1,884.7825,409.2699,93.6644,55.8974,1,2,1
633,1,881.3271,409.7505,92.6255,55.5024,1,2,1
634,1,879.1245,412.2273,92.3647,55.7365,1,2,1
635,1,877.1998,415.7538,92.0984,55.5582,1,2,1
636,1,877.7527,418.5670,91.1045,54.7360,1,2,1
637,1,878.7604,421.4201,91.0685,55.2334,1,2,1
638,1,881.6086,421.3410,90.9116,55.3083,1,2,1
639,1,883.7229,419.4658,91.0878,54.5289,1,2,1
640,1,880.4191,416.8034,90.3691,54.6058,1,2,1
641,1,875.6977,413.0084,90.6551,54.2912,1,2,1
642,1,880.5532,410.4788,91.1304,53.6205,1,2,1
643,1,873.9507,412.6369,90.1082,53.6794,1,2,1
644,1,872.6164,413.8719,89.1782,52.7616,1,2,1
645,1,874.1163,415.1361,89.9218,53.5832,1,2,1
646,1,872.8501,416.0175,87.9693,53.0370,1,2,1
647,1,872.5420,415.8181,87.1008,52.7290,1,2,1
648,1,871.9357,415.5554,86.5920,52.6786,1,2,1
649,1,871.6455,415.7610,85.7064,52.4702,1,2,1
650,1,871.4514,414.6466,85.5200,52.6417,1,2,1
651,1,870.9326,414.8472,85.9573,52.5483,1,2,1
652,1,870.4757,414.9597,86.0103,52.5801,1,2,1
653,1,869.3752,415.2793,86.4824,52.5599,1,2,1
654,1,868.7876,414.9776,86.7632,52.9304,1,2,1
655,1,868.3338,414.8512,87.0699,52.8444,1,2,1
656,1,868.4308,414.2534,86.8549,52.8706,1,2,1
657,1,868.7278,414.0402,86.3785,52.8327,1,2,1
658,1,867.8891,414.8036,86.4180,52.8503,1,2,1
659,1,867.4302,414.2032,86.3878,52.8298,1,2,1
660,1,866.3723,414.9637,86.6707,52.3837,1,2,1
661,1,866.4366,414.5812,86.2687,52.3488,1,2,1
662,1,865.9404,414.0381,86.0815,51.9883,1,2,1
663,1,865.4127,413.9971,86.4698,52.1701,1,2,1
664,1,864.8382,413.7679,86.6329,51.9402,1,2,1
665,1,864.3818,414.0396,86.1925,51.6369,1,2,1
666,1,864.1836,414.6862,86.0823,51.6424,1,2,1
667,1,864.2072,414.7757,85.7957,51.7153,1,2,1
668,1,864.1617,413.7185,85.4943,51.5706,1,2,1
669,1,864.4723,413.3181,85.1017,51.4019,1,2,1
670,1,864.5547,413.0127,84.9139,51.6198,1,2,1
671,1,864.4904,412.7099,84.9757,51.6116,1,2,1
672,1,864.1538,413.5148,85.0329,51.6153,1,2,1
673,1,864.2886,413.2963,84.6193,51.3917,1,2,1
674,1,863.8817,413.5830,84.3880,51.1133,1,2,1
675,1,863.7402,413.7086,84.5505,51.1702,1,2,1
676,1,863.1877,413.7290,84.6054,51.2375,1,2,1
677,1,863.0233,413.8046,84.2181,51.1101,1,2,1
678,1,862.4081,413.2906,84.5712,51.2281,1,2,1
679,1,862.4139,413.6317,84.6134,51.3472,1,2,1
680,1,862.4333,413.4805,84.0381,51.3366,1,2,1
681,1,862.2728,413.8554,83.7327,51.1392,1,2,1
682,1,862.3603,413.9626,83.4764,51.1441,1,2,1
683,1,861.8560,413.8538,83.5831,51.2735,1,2,1
684,1,861.9218,413.5920,83.0947,51.3975,1,2,1
685,1,861.7836,413.5439,82.7899,51.3398,1,2,1
686,1,861.4407,414.3085,83.0465,51.0974,1,2,1
687,1,861.3019,414.4204,83.2771,51.1124,1,2,1
688,1,861.0294,414.1343,83.0007,50.9569,1,2,1
689,1,861.0443,413.2277,82.9500,50.8532,1,2,1
690,1,860.3453,413.3387,83.3812,50.7357,1,2,1
691,1,860.4395,413.6547,83.8267,50.6765,1,2,1
692,1,860.2728,413.9753,83.8446,50.7813,1,2,1
693,1,859.7522,413.9626,84.0947,50.9262,1,2,1
694,1,859.5199,414.0368,84.1596,51.1473,1,2,1
695,1,859.4406,414.2485,83.8192,51.1948,1,2,1
696,1,859.3692,414.2395,84.0750,51.1898,1,2,1
697,1,858.8636,414.7766,84.1149,50.8712,1,2,1
698,1,859.0049,415.5071,83.9726,50.7148,1,2,1
699,1,858.7054,415.5698,84.0328,50.5985,1,2,1
700,1,858.6242,416.2332,83.8851,50.4815,1,2,1
701,1,858.0237,416.4577,84.3945,50.3811,1,2,1
702,1,857.7671,415.9858,84.1605,50.3549,1,2,1
703,1,858.1521,416.0582,83.9348,50.6739,1,2,1
704,1,858.1556,416.0733,84.1141,50.4980,1,2,1
705,1,858.0812,416.3669,84.1965,50.3751,1,2,1
706,1,857.7790,416.0287,84.3110,50.3765,1,2,1
707,1,857.6447,415.6783,84.1984,50.6339,1,2,1
708,1,857.6222,415.8337,84.2966,50.6173,1,2,1
709,1,857.0233,415.9764,83.9305,50.6501,1,2,1
710,1,857.5974,416.0541,83.6737,50.5672,1,2,1
711,1,857.4176,415.7615,83.6587,50.4924,1,2,1
712,1,857.6049,415.3201,83.8782,50.5284,1,2,1
713,1,857.6341,414.9408,83.9702,50.5435,1,2,1
714,1,857.2913,415.4878,84.0696,50.2502,1,2,1
715,1,857.9676,416.0628,84.0870,50.4719,1,2,1
716,1,857.8944,415.6613,84.3437,50.2898,1,2,1
717,1,857.8464,414.7636,84.5694,50.4370,1,2,1
718,1,858.2745,413.4185,84.3475,51.2556,1,2,1
719,1,858.2741,412.8908,84.2851,51.8995,1,2,1
720,1,858.8201,412.8858,84.0837,51.7025,1,2,1
721,1,859.7093,413.1899,83.6290,50.9672,1,2,1
722,1,860.6825,412.9783,83.1926,50.9329,1,2,1
723,1,860.4385,412.8317,83.2827,50.5531,1,2,1
724,1,861.3358,412.7660,83.1645,50.6909,1,2,1
725,1,862.0683,411.9774,83.1951,50.7683,1,2,1
726,1,862.2636,412.3810,83.6353,50.8171,1,2,1
727,1,862.7763,412.7957,83.6889,50.5110,1,2,1
728,1,863.2637,412.7000,84.4282,50.4930,1,2,1
729,1,864.1607,413.0087,84.2482,50.5290,1,2,1
730,1,864.1352,412.4836,84.9171,50.8346,1,2,1
731,1,864.5865,412.8779,85.2166,51.0015,1,2,1
732,1,865.1189,413.7431,85.3233,51.4438,1,2,1
733,1,864.9903,414.4512,85.9155,51.1803,1,2,1
734,1,865.2970,414.6449,85.1562,50.9934,1,2,1
735,1,865.8257,414.5321,84.9355,50.9514,1,2,1
736,1,866.4289,414.6186,84.9927,50.8369,1,2,1
737,1,866.5368,414.4218,84.9859,50.7650,1,2,1
738,1,866.1712,414.5763,85.6595,50.8234,1,2,1
739,1,866.7691,414.2595,85.8323,50.8934,1,2,1
740,1,867.9642,414.5452,85.3098,50.9079,1,2,1
741,1,869.3243,414.7968,84.2443,51.1910,1,2,1
742,1,869.4114,415.2101,84.4787,51.1631,1,2,1
743,1,869.8087,415.1886,84.4761,51.4650,1,2,1
744,1,869.7033,416.0457,84.8414,51.3395,1,2,1
745,1,870.1556,415.5146,84.8728,51.2823,1,2,1
746,1,871.0888,415.1992,84.6830,51.2212,1,2,1
747,1,871.7359,414.6871,84.8593,50.9505,1,2,1
748,1,872.9436,414.2243,84.6067,51.0444,1,2,1
749,1,873.6123,413.4223,85.5326,51.5812,1,2,1
750,1,874.3684,413.6421,85.8918,51.6255,1,2,1
751,1,875.1458,414.2523,85.9344,51.4538,1,2,1
752,1,875.6141,413.9629,86.3732,51.6756,1,2,1
753,1,876.7713,414.3320,86.5430,51.7560,1,2,1
754,1,877.9892,414.9125,86.9246,52.1111,1,2,1
755,1,879.1014,415.0518,88.3287,52.0134,1,2,1
756,1,879.6272,414.2304,88.7651,52.1663,1,2,1
757,1,879.8049,413.4803,88.0411,52.3635,1,2,1
758,1,880.4959,413.4187,87.9741,51.9982,1,2,1
759,1,880.4135,412.9644,87.8298,51.7899,1,2,1
760,1,881.1214,413.1371,87.5511,51.8734,1,2,1
761,1,881.8184,413.4927,87.6340,51.9148,1,2,1
762,1,881.7771,412.9962,89.1875,52.0758,1,2,1
763,1,881.7129,413.0959,91.5853,51.9337,1,2,1
764,1,881.5214,412.8850,92.5202,51.9998,1,2,1
765,1,881.8525,413.0056,93.0674,52.0462,1,2,1
766,1,882.2375,413.6186,92.2312,52.4551,1,2,1
767,1,882.4427,413.7265,90.9482,52.2274,1,2,1
768,1,883.3168,414.3130,90.3145,52.1440,1,2,1
769,1,883.8083,414.9339,90.2637,52.1982,1,2,1
770,1,884.4239,415.2355,90.0281,52.6917,1,2,1
771,1,884.0391,414.7460,90.9274,52.6089,1,2,1
772,1,884.5285,413.6837,90.6947,52.5044,1,2,1
773,1,885.2871,413.8456,90.6995,52.4812,1,2,1
774,1,885.5599,413.9039,90.9442,52.6317,1,2,1
775,1,885.8874,414.0114,90.5224,52.9582,1,2,1
776,1,885.7086,414.4039,90.3832,52.5956,1,2,1
777,1,885.7373,414.7604,88.9235,52.4788,1,2,1
778,1,886.1009,416.0076,86.9479,52.3880,1,2,1
779,1,886.2025,416.0519,85.7706,52.3518,1,2,1
780,1,887.1921,415.4669,83.8829,52.6538,1,2,1
781,1,887.7499,414.7607,82.0776,53.0904,1,2,1
782,1,887.6642,413.7403,81.5295,53.3787,1,2,1
783,1,887.6385,414.1927,81.0185,53.7855,1,2,1
784,1,887.1884,413.8189,81.0969,53.7855,1,2,1
785,1,887.3297,413.2778,80.5961,54.1108,1,2,1
786,1,887.3479,413.3413,80.2446,54.3065,1,2,1
787,1,887.5854,413.3142,79.9259,53.9285,1,2,1
788,1,887.4928,413.6873,79.7079,53.7467,1,2,1
789,1,888.6215,414.3932,78.9479,53.8591,1,2,1
790,1,888.5892,414.4496,79.1180,56.2910,1,2,1
791,1,888.6723,414.2123,78.7477,58.3277,1,2,1
792,1,889.0517,413.9258,77.4260,56.6824,1,2,1
793,1,889.2802,414.4222,75.6403,54.4415,1,2,1
794,1,889.3385,414.8351,73.9404,53.5463,1,2,1
795,1,889.1638,415.2564,73.4850,53.2114,1,2,1
796,1,889.2106,415.9218,72.1509,53.3921,1,2,1
797,1,889.8007,415.4742,70.8715,52.7798,1,2,1
798,1,890.3749,415.1305,68.9458,52.2368,1,2,1
799,1,890.3188,414.3505,66.6479,52.0912,1,2,1
800,1,890.3884,413.5971,65.5484,52.4286,1,2,1
801,1,890.7021,413.1166,64.0585,52.1964,1,2,1
802,1,890.1219,412.5788,63.0853,52.3545,1,2,1
803,1,890.6000,412.4831,62.0717,53.5486,1,2,1
804,1,890.9968,413.6096,59.9369,53.0589,1,2,1
805,1,890.7946,414.7776,58.9094,54.1185,1,2,1
806,1,891.7333,415.0130,56.7938,54.4042,1,2,1
807,1,892.8515,415.1073,54.4661,53.5844,1,2,1
809,1,891.9520,414.7057,50.7544,49.4781,1,2,1
810,1,891.7361,414.2340,49.0178,46.4434,1,2,1
811,1,890.3062,414.0976,47.6553,45.4972,1,2,1
847,1,982.3657,408.8781,52.2661,47.2874,1,2,1
848,1,979.3083,407.7075,57.3707,60.2395,1,2,1
849,1,975.7703,407.1695,61.9790,66.4726,1,2,1
850,1,975.4715,407.3258,63.3561,69.8415,1,2,1
851,1,975.1063,407.2980,64.6318,70.3601,1,2,1
852,1,974.2430,407.0002,66.6725,70.0205,1,2,1
853,1,972.7180,407.4795,69.5728,70.6588,1,2,1
854,1,972.1402,406.5964,71.4844,70.6620,1,2,1
855,1,972.1783,406.5574,72.7377,70.7165,1,2,1
856,1,972.2246,406.4766,73.5602,70.7080,1,2,1
857,1,971.9090,406.8585,74.6961,70.6612,1,2,1
858,1,970.9670,407.9421,76.8247,70.7296,1,2,1
859,1,969.7373,408.3438,78.6561,70.5397,1,2,1
860,1,967.3942,408.3969,81.9650,70.6451,1,2,1
861,1,966.0106,408.4766,84.2151,70.4498,1,2,1
862,1,964.0074,408.0920,87.0132,70.5025,1,2,1
863,1,963.1477,408.2678,89.3715,70.7793,1,2,1
864,1,960.8899,407.2701,92.3258,70.9414,1,2,1
865,1,960.7769,407.0952,93.9545,71.0043,1,2,1
866,1,960.3649,407.5941,95.2343,70.9647,1,2,1
867,1,959.6892,406.6856,96.9370,71.1589,1,2,1
868,1,958.6156,406.9906,98.8306,71.6617,1,2,1
869,1,958.2084,407.2678,100.5392,71.9198,1,2,1
870,1,957.6708,407.0924,102.9358,72.0845,1,2,1
871,1,957.6273,407.0582,104.1953,72.0725,1,2,1
872,1,956.8513,406.2779,105.2892,71.8745,1,2,1
873,1,956.9453,406.3847,106.8702,72.3159,1,2,1
874,1,956.2141,405.4687,108.2143,72.4844,1,2,1
875,1,955.7395,405.9242,109.5628,72.6726,1,2,1
876,1,956.3280,406.3899,110.8403,73.0663,1,2,1
877,1,955.5559,405.2702,112.1872,73.3419,1,2,1
878,1,955.2608,405.1030,113.6407,73.4671,1,2,1
879,1,955.2961,405.0434,115.0167,73.7284,1,2,1
880,1,955.4110,405.0024,115.8788,74.0062,1,2,1
881,1,956.0437,405.0150,115.8677,74.1583,1,2,1
882,1,956.2827,404.1507,116.3749,74.5525,1,2,1
883,1,956.0239,404.8307,117.1317,74.4504,1,2,1
884,1,955.6820,405.0007,117.9664,74.6073,1,2,1
885,1,955.7577,405.6623,119.0343,74.7164,1,2,1
886,1,954.9767,406.5473,121.0081,74.7793,1,2,1
887,1,954.5800,406.1806,122.1896,74.6257,1,2,1
888,1,954.7764,407.0650,122.9135,74.9567,1,2,1
889,1,954.5222,407.0922,124.0221,75.1576,1,2,1
890,1,954.3698,406.4815,125.1744,75.4894,1,2,1
891,1,954.6748,405.6443,125.5178,75.7307,1,2,1
892,1,955.1078,405.0809,126.1564,75.8820,1,2,1
893,1,955.5636,405.4150,127.0740,75.7993,1,2,1
894,1,955.5683,405.3062,128.7696,76.0222,1,2,1
895,1,955.1907,405.4278,131.0551,76.5666,1,2,1
896,1,955.6847,405.3309,132.2451,76.7161,1,2,1
897,1,956.2414,404.8596,132.7017,76.7107,1,2,1
898,1,957.6896,404.6901,133.2497,76.9107,1,2,1
899,1,958.8529,404.2658,133.7303,77.3060,1,2,1
900,1,960.3740,405.0435,133.6393,77.9442,1,2,1
901,1,960.6586,405.5312,134.1241,78.6844,1,2,1
902,1,961.4810,405.2609,134.1603,78.5192,1,2,1
903,1,962.0384,405.3007,134.9224,79.0245,1,2,1
904,1,961.7169,404.9636,136.3582,78.6514,1,2,1
905,1,961.3441,405.1029,138.2616,78.5353,1,2,1
906,1,960.3665,405.3798,140.5491,78.6663,1,2,1
907,1,959.8421,405.3219,142.4614,78.8296,1,2,1
908,1,958.8565,406.0661,145.2040,79.3741,1,2,1
909,1,958.6085,406.2372,146.6405,80.1284,1,2,1
910,1,958.9194,407.2986,148.1758,81.0494,1,2,1
911,1,959.7827,407.0051,148.9039,81.4700,1,2,1
912,1,959.7367,406.8327,150.6912,81.4718,1,2,1
913,1,959.8252,407.4227,151.9532,81.7742,1,2,1
914,1,960.6057,406.8732,151.7542,82.0405,1,2,1
915,1,961.1057,406.6984,152.4054,82.3631,1,2,1
917,1,959.6406,406.4665,156.5677,81.7574,1,2,1
918,1,960.8541,406.5374,157.1937,82.3306,1,2,1
919,1,961.4350,406.2848,157.7916,82.5432,1,2,1
920,1,962.4119,406.9865,158.3806,82.7836,1,2,1
921,1,962.8693,406.9467,159.3291,83.1952,1,2,1
922,1,963.4137,407.1437,160.2507,83.5576,1,2,1
923,1,963.7654,407.2441,161.1442,83.5056,1,2,1
924,1,964.3402,407.0098,161.8196,83.6940,1,2,1
925,1,965.1426,407.9522,162.2532,83.8900,1,2,1
926,1,965.9244,407.9106,162.6462,84.6523,1,2,1
927,1,966.6497,407.2141,162.9274,85.1751,1,2,1
928,1,967.5950,406.9057,164.0134,85.5004,1,2,1
929,1,967.6520,406.5024,165.4672,85.3904,1,2,1
930,1,968.8275,406.8143,165.9839,85.6834,1,2,1
931,1,969.9629,406.9317,166.0909,86.0101,1,2,1
932,1,971.5617,406.7971,166.8676,86.3455,1,2,1
933,1,972.7237,406.9664,167.7916,86.5319,1,2,1
934,1,973.4294,406.1460,168.2644,86.1985,1,2,1
935,1,974.4738,406.7299,168.9938,86.8436,1,2,1
936,1,975.0632,406.5343,169.7554,87.1362,1,2,1
937,1,976.5931,406.2559,170.3218,87.2363,1,2,1
938,1,977.5259,406.4659,171.2783,87.2998,1,2,1
939,1,978.8682,406.2123,171.5405,87.7473,1,2,1
940,1,980.6068,406.6581,171.4355,88.1296,1,2,1
941,1,981.6269,406.4117,171.6561,88.2531,1,2,1
942,1,982.8026,406.7232,172.2147,88.4858,1,2,1
943,1,983.7673,407.0023,172.8318,89.0426,1,2,1
944,1,984.3498,406.6214,173.7842,89.0657,1,2,1
945,1,985.1241,407.4155,174.7740,89.4762,1,2,1
946,1,985.7183,406.6183,175.1796,89.5906,1,2,1
947,1,986.8680,406.3023,175.9666,89.4708,1,2,1
948,1,987.2995,406.4315,176.4720,89.8362,1,2,1
949,1,988.2962,405.8472,177.4600,90.0784,1,2,1
950,1,988.4998,406.0448,178.3640,90.4864,1,2,1
951,1,988.7859,405.6734,179.6561,90.6027,1,2,1
952,1,989.4409,404.9721,180.6427,90.6906,1,2,1
953,1,990.7411,405.7288,181.3161,91.3069,1,2,1
954,1,992.6579,405.1326,181.7921,91.7757,1,2,1
955,1,993.8793,406.4281,182.8313,91.6074,1,2,1
956,1,995.0893,407.3237,183.9902,91.5453,1,2,1
957,1,998.4071,407.4330,185.2756,91.8065,1,2,1
958,1,998.6927,407.8792,185.4236,92.0043,1,2,1
959,1,998.4080,406.7273,186.8452,92.3564,1,2,1
960,1,1000.0803,407.9624,187.3379,92.9231,1,2,1
961,1,1002.1566,407.0891,186.9841,92.9184,1,2,1
962,1,1003.7089,406.2688,188.0801,93.5283,1,2,1
963,1,1005.3158,406.5177,188.8289,93.5777,1,2,1
964,1,1007.5872,405.4444,189.6934,93.8734,1,2,1
965,1,1007.0908,406.3322,190.4093,94.1907,1,2,1
966,1,1012.7468,407.0129,192.8624,94.9578,1,2,1
967,1,1015.1920,406.9225,193.5721,95.2316,1,2,1
968,1,1016.1877,407.1876,195.1775,95.3511,1,2,1
969,1,1018.3987,406.1793,194.3464,96.1216,1,2,1
970,1,1018.4933,405.4453,194.9199,96.4774,1,2,1
971,1,1019.2035,405.1387,194.7039,97.0530,1,2,1
972,1,1019.1635,405.5336,196.2633,97.3362,1,2,1
973,1,1019.8022,407.2619,197.1535,97.5650,1,2,1
974,1,1020.1806,406.7445,197.4801,97.4506,1,2,1
975,1,1021.3804,407.0844,198.0950,97.2113,1,2,1
976,1,1022.4794,405.4836,198.5636,96.3968,1,2,1
977,1,1022.2863,403.4671,198.7704,96.0349,1,2,1
978,1,1021.9769,403.4755,199.9388,95.6399,1,2,1
979,1,1022.2978,404.1981,200.6456,96.1012,1,2,1
980,1,1023.6752,404.1051,201.0707,96.5638,1,2,1
981,1,1025.2900,404.1749,202.3439,96.9242,1,2,1
982,1,1018.2227,404.1628,199.7763,95.3235,1,2,1
983,1,1017.9865,404.1695,199.0840,95.3222,1,2,1
984,1,1020.1480,402.6528,199.9584,96.2735,1,2,1
985,1,1022.0579,403.0710,201.7177,96.6995,1,2,1
986,1,1023.6370,403.1032,203.6602,96.9540,1,2,1
987,1,1025.6779,402.4931,205.3253,97.8843,1,2,1
988,1,1028.0688,403.1311,206.2854,98.1857,1,2,1
989,1,1030.4357,401.1087,207.2617,100.3041,1,2,1
990,1,1032.3423,400.5600,208.4027,101.2407,1,2,1
991,1,1034.3544,400.6901,209.4011,101.3653,1,2,1
992,1,1035.6581,399.9394,210.6149,101.7379,1,2,1
993,1,1037.0758,401.2140,212.5522,102.0684,1,2,1
994,1,1038.9602,402.0343,213.7444,102.3272,1,2,1
995,1,1041.3359,403.6301,214.1691,102.4180,1,2,1
996,1,1042.8746,403.7579,215.1777,103.1992,1,2,1
997,1,1044.1300,402.7708,216.5347,102.9405,1,2,1
998,1,1045.8303,403.5857,217.1774,103.5048,1,2,1
999,1,1046.7982,401.8201,218.4358,104.4496,1,2,1
1000,1,1047.9827,402.6573,219.1444,103.7706,1,2,1
1001,1,1049.8156,403.1621,219.8557,103.5802,1,2,1
1002,1,1051.7924,402.1581,219.9463,104.0313,1,2,1
1003,1,1053.3529,400.8686,220.9124,105.1145,1,2,1
1004,1,1054.2341,397.2385,222.6837,105.5394,1,2,1
1005,1,1055.0161,396.9879,224.0275,105.6342,1,2,1
1006,1,1056.3521,398.0573,223.6478,105.1756,1,2,1
1007,1,1058.1409,395.2909,221.8591,106.2707,1,2,1
1008,1,1059.7668,398.6010,220.2332,107.3141,1,2,1
1009,1,1060.7332,398.4602,219.2668,107.8188,1,2,1
1010,1,1061.9121,399.7520,218.0879,108.0568,1,2,1
1011,1,1062.9622,401.0893,217.0378,108.7127,1,2,1
1012,1,1063.0250,398.9292,216.9750,108.4933,1,2,1
1013,1,1063.7686,400.3533,216.2314,109.6667,1,2,1
1014,1,1064.0606,399.1788,215.9393,109.3323,1,2,1
1015,1,1065.0045,399.2748,214.9955,110.2349,1,2,1
1016,1,1066.0414,399.0344,213.9586,109.9599,1,2,1
1017,1,1068.0166,399.3776,211.9834,110.3601,1,2,1
1018,1,1069.3253,400.8587,210.6747,109.5326,1,2,1
1019,1,1070.8230,400.1263,209.1770,110.2462,1,2,1
1020,1,1072.6936,399.0459,207.3064,110.0562,1,2,1
1021,1,1071.9521,399.3703,208.0480,110.2567,1,2,1
1022,1,1072.6806,398.0764,206.9640,110.7430,1,2,1
1023,1,1073.9497,397.9207,205.2336,111.2444,1,2,1
1024,1,1075.5938,397.6265,204.0941,111.2521,1,2,1
1025,1,1075.9672,396.2983,203.1324,112.1880,1,2,1
1026,1,1082.3752,400.3083,197.6248,113.6207,1,2,1
1027,1,1078.4029,401.0650,201.5970,112.3325,1,2,1
1028,1,1082.2900,402.1682,197.7100,112.5420,1,2,1
1029,1,1084.9021,403.3599,195.0979,112.8012,1,2,1
1030,1,1084.3083,401.8421,195.6917,113.2342,1,2,1
1031,1,1085.7153,403.8599,194.2848,113.8211,1,2,1
1032,1,1085.5933,402.8264,194.4066,114.0602,1,2,1
1033,1,1083.0981,399.9412,196.9019,113.5838,1,2,1
1034,1,1078.8621,398.9197,195.1439,112.9664,1,2,1
1035,1,1084.1404,398.6785,195.8596,113.1802,1,2,1
1036,1,1086.3057,400.5578,193.6942,113.6424,1,2,1
1037,1,1087.5527,399.6322,192.4474,113.6725,1,2,1
1038,1,1087.8012,398.5634,192.1989,114.1177,1,2,1
1039,1,1088.4915,400.0724,191.5085,113.3750,1,2,1
1040,1,1088.9570,396.9636,191.0431,113.8010,1,2,1
1041,1,1088.9165,396.0050,191.0835,114.4692,1,2,1
1042,1,1088.8376,396.4788,190.0010,114.4549,1,2,1
1043,1,1079.7808,398.9947,185.2180,112.4097,1,2,1
1044,1,1079.2753,401.2926,184.2516,112.3152,1,2,1
1045,1,1079.9872,395.6677,183.4180,113.0130,1,2,1
1046,1,1083.1583,402.6502,183.0386,113.7567,1,2,1
1047,1,1084.4606,401.1157,183.5498,114.1127,1,2,1
1048,1,1084.5189,400.4603,183.6176,114.2216,1,2,1
1049,1,1085.9282,400.4066,183.9860,114.4414,1,2,1
1050,1,1086.0094,399.1021,183.1221,114.5130,1,2,1
1051,1,1087.7759,400.7277,183.3132,115.1062,1,2,1
1052,1,1089.5981,400.4567,183.3361,116.0484,1,2,1
1053,1,1090.5156,398.3055,182.3273,116.9334,1,2,1
1054,1,1091.6241,399.9644,181.3579,116.8795,1,2,1
1055,1,1093.2219,400.0926,180.2576,118.1183,1,2,1
1056,1,1095.0879,400.8946,179.7849,118.6363,1,2,1
1057,1,1096.0152,402.1448,179.5282,119.3828,1,2,1
1058,1,1096.9516,402.4905,179.2047,119.9894,1,2,1
1059,1,1097.5064,403.7136,178.8763,119.8102,1,2,1
1060,1,1098.1467,403.8901,178.9386,120.0326,1,2,1
1061,1,1098.5974,405.1685,178.8073,120.3698,1,2,1
1062,1,1099.3644,404.6875,178.4429,120.3921,1,2,1
1063,1,1099.8420,401.0841,178.2399,121.0856,1,2,1
1064,1,1100.4576,398.8873,177.9004,122.1349,1,2,1
1065,1,1100.5594,396.6575,177.7196,123.7314,1,2,1
1066,1,1100.7410,395.2578,177.4595,124.1429,1,2,1
1067,1,1100.8284,396.1387,177.3832,124.9033,1,2,1
1068,1,1102.0770,395.5436,176.7689,124.4987,1,2,1
1069,1,1102.4708,396.7178,176.5990,124.2875,1,2,1
1070,1,1102.7875,397.6243,176.6465,124.6752,1,2,1
1071,1,1103.3243,396.5902,175.7502,125.6325,1,2,1
1072,1,1104.1719,396.6226,173.7821,125.6106,1,2,1
1073,1,1105.0101,395.9837,173.7219,125.7487,1,2,1
1074,1,1104.9382,396.1546,171.9581,125.4604,1,2,1
1075,1,1105.6592,396.5333,171.1504,125.8246,1,2,1
1076,1,1105.9882,396.0585,170.8162,126.4636,1,2,1
1077,1,1107.6037,397.7386,169.9777,126.6911,1,2,1
1078,1,1108.6392,396.9855,169.4047,127.4572,1,2,1
1079,1,1109.8550,396.8505,168.3798,127.6557,1,2,1
1080,1,1110.7887,396.4785,167.8113,128.0017,1,2,1
1081,1,1110.5828,394.1924,166.3083,128.7260,1,2,1
1082,1,1111.1278,394.8697,165.5522,129.1442,1,2,1
1083,1,1112.6698,394.9231,165.0674,129.8819,1,2,1
1084,1,1113.2527,395.1665,164.4711,129.9168,1,2,1
1085,1,1115.3081,395.8528,163.5957,129.6161,1,2,1
1086,1,1115.3781,395.2693,162.9299,130.0829,1,2,1
1087,1,1115.8077,396.8397,162.6340,129.7611,1,2,1
1088,1,1116.5428,397.5440,161.9799,129.7592,1,2,1
1089,1,1116.6436,398.1694,161.8417,129.6026,1,2,1
1090,1,1116.6272,399.1116,161.5459,130.7589,1,2,1
1091,1,1116.9876,398.0859,161.9012,131.8913,1,2,1
1092,1,1117.2186,398.2786,161.8894,132.1490,1,2,1
1093,1,1116.6450,397.2508,161.6359,132.2650,1,2,1
1094,1,1117.0181,396.8748,161.4634,132.7724,1,2,1
1095,1,1116.8948,398.8186,162.2543,133.3003,1,2,1
1096,1,1116.3533,399.7715,163.2090,133.6640,1,2,1
1097,1,1118.2057,400.2758,161.3037,133.9908,1,2,1
1098,1,1118.8636,401.1573,159.8666,133.7588,1,2,1
1099,1,1120.3877,399.8837,159.1953,134.3546,1,2,1
1100,1,1120.3901,400.1639,159.4333,133.9962,1,2,1
1101,1,1122.0522,399.5430,157.8273,134.9294,1,2,1
1102,1,1122.9041,396.1364,156.8260,135.0744,1,2,1
1103,1,1123.1218,395.6776,155.6071,135.4622,1,2,1
1104,1,1123.8845,394.4410,154.6833,136.0783,1,2,1
1105,1,1126.0217,393.9051,153.4362,136.4414,1,2,1
1106,1,1126.6520,395.3804,152.1115,136.6470,1,2,1
1107,1,1127.6578,393.5953,151.0659,136.3911,1,2,1
1108,1,1128.8199,394.7099,150.6381,136.5663,1,2,1
1109,1,1129.1096,392.8159,149.8604,137.1272,1,2,1
1110,1,1130.1367,393.9851,149.0813,137.4884,1,2,1
1111,1,1131.1266,395.7560,148.6530,138.4428,1,2,1
1112,1,1130.6382,395.8007,148.3235,138.5416,1,2,1
1113,1,1131.0641,397.8117,148.3198,137.9759,1,2,1
1114,1,1131.5772,399.0090,147.7782,137.6956,1,2,1
1115,1,1131.4401,398.4557,147.2267,137.8920,1,2,1
1116,1,1132.3068,399.7195,147.1033,138.2346,1,2,1
1117,1,1132.9481,400.2079,146.5811,138.0149,1,2,1
1118,1,1132.5969,400.2260,146.0348,137.7283,1,2,1
1119,1,1133.7289,399.9241,145.7467,138.1406,1,2,1
1120,1,1134.3371,398.8751,145.1915,138.0985,1,2,1
1121,1,1134.2081,396.7068,144.3700,138.7194,1,2,1
1122,1,1135.8092,395.2637,143.5256,139.1713,1,2,1
1123,1,1136.4146,393.9285,143.2509,139.6753,1,2,1
1124,1,1134.8044,395.0434,144.4238,139.5050,1,2,1
1125,1,1136.3997,393.8873,143.2074,139.4621,1,2,1
1126,1,1137.5671,393.8847,141.9498,139.2157,1,2,1
1127,1,1138.8036,394.8345,140.7926,138.7507,1,2,1
1128,1,1138.5057,393.8047,140.9540,139.0211,1,2,1
1129,1,1139.5088,395.1507,140.0676,138.8005,1,2,1
1130,1,1140.5892,395.1204,138.9907,139.3180,1,2,1
1131,1,1141.2490,395.7270,138.1340,138.9177,1,2,1
1132,1,1141.7856,397.3275,137.7775,139.6652,1,2,1
1133,1,1142.4268,397.0603,137.1815,139.8005,1,2,1
1134,1,1142.5693,398.4865,136.6852,139.6314,1,2,1
1135,1,1143.0884,398.6608,136.1547,140.1158,1,2,1
1136,1,1143.7593,399.1169,135.8490,138.2685,1,2,1
1137,1,1144.1879,399.0732,135.2581,138.4626,1,2,1
1138,1,1144.7294,398.2464,135.0601,137.5470,1,2,1
1139,1,1145.2086,398.3533,134.6736,137.8108,1,2,1
1140,1,1145.1560,398.7996,134.3865,136.4738,1,2,1
1141,1,1145.6965,396.8989,134.0587,135.7705,1,2,1
1142,1,1145.9293,396.5179,133.5842,135.0622,1,2,1
1143,1,1147.0205,396.3428,132.8831,134.6080,1,2,1
1144,1,1147.2309,395.9641,132.4913,133.7581,1,2,1
1145,1,1147.7743,396.7172,131.8604,131.7729,1,2,1
1146,1,1147.3398,394.8050,131.1621,131.3983,1,2,1
1147,1,1149.3513,395.2059,130.3322,130.5319,1,2,1
1148,1,1150.5600,396.0980,129.4401,129.2299,1,2,1
1149,1,1151.8378,394.4560,128.1622,128.3656,1,2,1
1150,1,1152.1885,394.7807,127.8114,128.0860,1,2,1
1151,1,1153.3154,394.3401,126.6846,127.8579,1,2,1
1152,1,1153.6567,394.9986,126.1193,127.5918,1,2,1
1153,1,1154.1839,395.7353,124.5609,127.0466,1,2,1
1154,1,1154.0131,394.4625,123.5950,126.5898,1,2,1
1155,1,1155.1838,395.2795,123.9934,126.0066,1,2,1
1156,1,1156.7107,395.6397,121.3081,125.4613,1,2,1
1157,1,1158.5732,394.3038,119.7400,125.2965,1,2,1
1158,1,1159.4059,394.2153,118.5455,125.9032,1,2,1
1159,1,1160.8587,393.7156,117.1542,126.3003,1,2,1
1160,1,1163.0150,394.6087,115.9037,126.3450,1,2,1
1161,1,1164.1578,396.8937,114.5852,125.4915,1,2,1
1162,1,1165.8210,397.2438,112.9757,125.1795,1,2,1
1163,1,1167.0800,399.2432,111.4357,124.5349,1,2,1
1164,1,1168.5869,400.7538,110.1733,124.0567,1,2,1
1165,1,1170.2559,400.3439,109.0896,124.2181,1,2,1
1166,1,1171.1182,401.6732,108.0057,123.3743,1,2,1
1167,1,1172.4756,401.9423,106.8708,122.6452,1,2,1
1168,1,1175.2473,402.4310,104.5890,121.9026,1,2,1
1169,1,1176.7993,403.8081,103.1427,122.3164,1,2,1
1170,1,1178.3353,403.8976,101.4580,121.6580,1,2,1
1171,1,1179.4970,405.0438,100.4767,121.8042,1,2,1
1172,1,1181.1356,405.8657,98.4414,121.4368,1,2,1
1173,1,1182.5317,406.1015,96.6204,120.2605,1,2,1
1174,1,1184.3453,407.9156,95.0107,120.0330,1,2,1
1175,1,1185.7126,408.2165,93.7869,118.7385,1,2,1
1176,1,1187.5728,409.2208,91.5717,118.5556,1,2,1
1177,1,1189.4108,410.8860,89.7087,117.6690,1,2,1
1178,1,1191.7626,411.3434,87.3696,117.0148,1,2,1
1179,1,1193.2810,413.8102,85.6589,114.0923,1,2,1
1180,1,1195.9371,416.5242,83.8881,112.4132,1,2,1
1181,1,1197.7949,416.9363,82.1139,112.2030,1,2,1
1182,1,1199.3100,418.5341,80.1500,110.5487,1,2,1
1183,1,1200.4094,419.0116,78.9152,109.7696,1,2,1
1184,1,1203.2002,421.3328,75.9751,107.8320,1,2,1
1185,1,1205.6148,424.8203,73.6185,106.2877,1,2,1
1186,1,1208.1844,425.3636,71.6937,103.8006,1,2,1
1187,1,1209.5350,425.0705,70.2449,103.5119,1,2,1
1188,1,1211.4139,429.3408,68.1000,99.9122,1,2,1
1189,1,1213.1614,432.0534,66.3485,97.0373,1,2,1
1190,1,1215.5161,433.5469,64.4840,96.4621,1,2,1
1191,1,1216.2653,434.5562,63.0483,95.4717,1,2,1
1192,1,1218.0005,435.6568,61.3057,96.2244,1,2,1
1193,1,1219.4500,435.8831,59.8843,97.6301,1,2,1
1194,1,1220.3381,434.3572,58.5334,98.7249,1,2,1
1195,1,1221.9813,436.6993,56.9631,97.5694,1,2,1
1196,1,1224.3487,439.3258,54.9916,96.3640,1,2,1
1197,1,1226.1211,443.6385,53.3333,91.3246,1,2,1
1198,1,1227.8342,443.5854,51.1450,89.6859,1,2,1
1199,1,1229.1258,440.9501,49.7264,89.3446,1,2,1
1200,1,1231.5583,438.2195,47.8467,90.2350,1,2,1
1201,1,1233.3373,440.5726,45.7891,88.0483,1,2,1
1202,1,1235.4722,440.0701,44.1077,87.7884,1,2,1
1203,1,1237.6173,440.8380,42.1658,87.1025,1,2,1
1204,1,1239.6697,441.6065,40.0686,86.5296,1,2,1
1205,1,1241.9655,441.6345,37.5665,86.3894,1,2,1
1206,1,1244.1984,443.8254,35.3292,85.4215,1,2,1
1207,1,1246.1194,445.4086,33.0120,85.4208,1,2,1
1208,1,1248.4982,446.0295,30.7335,83.7109,1,2,1
1209,1,1250.9279,448.9753,28.2058,81.9103,1,2,1
1210,1,1252.7863,450.0899,26.4165,80.8650,1,2,1
1211,1,1253.8580,451.0722,25.4091,80.2420,1,2,1
1212,1,1255.4431,452.5256,23.9025,79.1685,1,2,1
1213,1,1256.9302,451.3401,22.6747,77.8380,1,2,1
1214,1,1258.5333,451.9374,20.9095,76.7624,1,2,1
1215,1,1260.8387,453.8707,18.7894,75.9839,1,2,1
1216,1,1261.2387,453.5534,17.8224,75.3028,1,2,1
1217,1,1262.7884,454.1514,16.8514,74.6762,1,2,1
1218,1,1264.0400,455.3182,15.5245,73.6279,1,2,1
1219,1,1265.3421,457.2239,14.4432,70.8282,1,2,1
1220,1,1266.2113,459.5302,12.7585,69.2894,1,2,1
